U001 2 8 2025
U001 15 8 2025
U001 20 8 2025
U002 5 8 2025
U002 18 8 2025
U003 10 7 2025
U004 1 8 2025
U004 10 8 2025
U004 28 8 2025
U005 7 8 2025
U005 21 8 2025
U006 12 6 2025
U006 25 6 2025
U007 3 8 2025
U007 16 8 2025
U008 2 8 2025
U008 14 8 2025
U008 26 8 2025
U009 8 7 2025
U009 22 7 2025
U010 9 8 2025
U010 20 8 2025
U011 1 8 2025
U011 15 8 2025
U011 30 8 2025
U012 5 7 2025
U013 6 8 2025
U013 19 8 2025
U014 3 8 2025
U014 16 8 2025
U015 4 8 2025
U015 17 8 2025
U016 2 8 2025
U016 14 8 2025
U017 8 7 2025
U017 23 7 2025
U018 7 8 2025
U018 20 8 2025
U019 1 8 2025
U019 15 8 2025
U020 9 8 2025
U020 22 8 2025
U020 28 8 2025
U001 25 7 2025
U002 13 7 2025
U003 19 7 2025
U004 5 7 2025
U005 12 7 2025
